%% 用于计算平均一致性指标
function RIT=CalculationRI()
RIT=[0 0 0.52 0.89 1.12 1.26 1.36 1.41 1.46 1.49 1.52 1.54 1.56...
    1.58 1.59 1.605 1.6158 1.6264 1.6327 1.6403 1.6481 1.6531...
    1.6591 1.6622 1.6686 1.6705 1.6755 1.6779 1.6816 1.6840];